0000000
0000000
0000001
0000000
0000010
0000000
0000011
0000000
0000100
0000000
0000101
0000000
0000110
0000000
0000111
0000000
0001000
0000000
0001001
0000000
0001010
0000000
0001011
0000000
0001100
0000000
0001101
0000000
0001110
0000000
0001111
0000000
0010000
0000000
0010001
0000000
0010010
0000000
0010011
0000000
0010100
0000000
0010101
0000000
0010110
0000000
0010111
0000000
0011000
0000000
0011001
0000000
0011010
0000000
0011011
0000000
0011100
0000000
0011101
0000000
0011110
0000000
0011111
0000000
0100000
0000000
0100001
0000000
0100010
0000000
0100011
0000000
0100100
0000000
0100101
0000000
0100110
0000000
0100111
0000000
0101000
0000000
0101001
0000000
0101010
0000000
0101011
0000000
0101100
0000000
0101101
0000000
0101110
0000000
0101111
0000000
0110000
0000000
0110001
0000000
0110010
0000000
0110011
0000000
0110100
0000000
0110101
0000000
0110110
0000000
0110111
0000000
0111000
0000000
0111001
0000000
0111010
0000000
0111011
0000000
0111100
0000000
0111101
0000000
0111110
0000000
0111111
0000000
1000000
1111111
1000001
0000000
1000010
1111111
1000011
0111111
1000100
1111111
1000101
0000110
1000110
1111111
1000111
0000110
1001000
1111111
1001001
1011011
1001010
1111111
1001011
1011011
1001100
1111111
1001101
1001111
1001110
1111111
1001111
1001111
1010000
1111111
1010001
1100110
1010010
1111111
1010011
1100110
1010100
1111111
1010101
1101101
1010110
1111111
1010111
1101101
1011000
1111111
1011001
1111100
1011010
1111111
1011011
1111100
1011100
1111111
1011101
0000111
1011110
1111111
1011111
0000111
1100000
1111111
1100001
1111111
1100010
1111111
1100011
1111111
1100100
1111111
1100101
1100111
1100110
1111111
1100111
1100111
1101000
1111111
1101001
1011000
1101010
1111111
1101011
1011000
1101100
1111111
1101101
1001100
1101110
1111111
1101111
1001100
1110000
1111111
1110001
1100010
1110010
1111111
1110011
1100010
1110100
1111111
1110101
1101001
1110110
1111111
1110111
1101001
1111000
1111111
1111001
1111000
1111010
1111111
1111011
1111000
1111100
1111111
1111101
0000000
1111110
1111111
1111111
0000000
